12 14 
15 12 
13 10 
12 11 
15 11 
12 10 
16 14 
10 12 
12 13 
12 12 
10 10 
12 11 
15 11 
14 13 
13 13 
11 15 
13 13 
11 12 
12 12 
12 14 
11 12 
13 13 
11 15 
16 10 
12 10 
11 15 
11 11 
12 12 
12 13 
12 12 
11 13 
12 13 
12 13 
11 12 
12 12 
12 12 
11 11 
13 11 
11 13 
13 15 
12 10 
11 12 
12 15 
13 16 
13 9 
11 12 
12 13 
13 11 
13 13 
13 10 
13 13 
10 13 
14 10 
14 13 
12 13 
10 13 
12 12 
12 10 
11 12 
11 12 
13 11 
12 12 
14 12 
12 11 
12 13 
12 13 
12 13 
13 14 
12 16 
13 11 
11 11 
11 14 
12 13 
13 13 
10 16 
13 14 
16 10 
10 13 
14 12 
12 11 
15 12 
12 14 
13 12 
12 12 
11 11 
13 11 
13 13 
13 12 
13 12 
13 11 
12 11 
12 13 
12 12 
12 10 
14 12 
12 12 
13 10 
13 13 
10 16 
13 13 
15 16 
14 13 
11 10 
13 11 
12 10 
13 11 
12 11 
13 13 
13 15 
10 15 
13 12 
13 11 
15 11 
11 11 
13 14 
11 12 
11 15 
12 12 
10 11 
14 11 
17 13 
14 11 
13 12 
10 11 
11 15 
11 15 
11 14 
13 11 
14 13 
15 11 
11 9 
17 10 
14 11 
15 11 
12 13 
12 12 
12 13 
17 13 
12 14 
11 13 
12 11 
13 11 
12 15 
14 12 
12 13 
11 15 
12 11 
13 13 
11 12 
15 11 
12 13 
11 13 
12 11 
13 11 
14 12 
14 11 
11 13 
13 16 
12 13 
12 10 
12 12 
12 10 
12 12 
11 13 
15 11 
14 11 
14 12 
15 13 
11 12 
11 12 
12 12 
13 12 
16 13 
13 13 
12 13 
13 13 
18 11 
12 10 
12 11 
16 12 
12 11 
13 12 
14 11 
13 13 
12 12 
13 11 
12 12 
13 12 
13 12 
13 14 
13 12 
15 13 
12 12 
12 12 
10 12 
12 13 
10 13 
14 13 
13 13 
10 11 
13 12 
11 11 
14 15 
13 12 
15 12 
12 12 
12 13 
11 12 
14 13 
12 14 
12 10 
14 11 
13 11 
11 12 
12 13 
12 14 
16 11 
14 19 
14 12 
11 12 
10 13 
22 12 
15 10 
13 12 
14 13 
13 12 
12 12 
13 12 
10 11 
16 9 
5009 5009 
234 
206 
5011 5009 
176 
149 
8 9 
10 8 
7 9 
9 9 
8 9 
10 8 
8 8 
9 9 
9 10 
8 9 
11 9 
8 12 
9 8 
9 9 
9 14 
11 10 
11 9 
9 13 
11 12 
11 12 
12 11 
9 11 
9 11 
10 13 
14 10 
12 10 
10 11 
11 10 
11 11 
11 10 
11 9 
11 8 
11 13 
14 9 
12 9 
12 12 
10 10 
10 13 
10 10 
11 10 
10 10 
13 10 
10 12 
11 9 
11 11 
11 10 
9 10 
10 12 
10 11 
12 9 
9 11 
10 10 
10 11 
10 10 
11 12 
10 12 
12 13 
12 9 
10 10 
11 13 
10 12 
9 10 
10 11 
10 11 
12 11 
9 9 
11 11 
10 10 
11 9 
11 10 
10 14 
11 12 
13 9 
9 10 
9 9 
10 11 
10 10 
10 13 
11 12 
11 12 
10 10 
12 10 
9 11 
10 12 
10 9 
11 9 
12 11 
10 13 
10 8 
11 10 
11 9 
14 12 
11 13 
10 10 
10 10 
13 9 
9 10 
10 13 
12 9 
15 9 
12 10 
11 9 
11 13 
10 11 
11 9 
9 11 
10 10 
11 10 
11 10 
9 10 
10 12 
17 10 
9 13 
11 9 
9 13 
10 11 
13 12 
11 16 
9 10 
10 9 
11 12 
10 12 
9 9 
10 10 
10 9 
10 11 
12 12 
12 11 
10 10 
10 12 
11 11 
10 14 
12 11 
12 12 
12 9 
9 10 
11 11 
11 10 
11 10 
10 10 
10 10 
9 11 
10 12 
10 11 
10 11 
12 10 
10 10 
10 13 
9 10 
10 12 
9 12 
14 9 
9 9 
11 9 
10 11 
9 10 
13 13 
10 10 
11 12 
12 11 
10 11 
11 16 
9 12 
9 14 
10 10 
9 11 
11 11 
11 10 
11 10 
12 10 
12 9 
10 10 
10 11 
12 10 
12 10 
11 11 
10 11 
9 14 
10 11 
11 10 
10 11 
10 11 
10 9 
13 10 
12 12 
11 12 
10 16 
12 12 
11 13 
9 11 
11 11 
11 11 
10 11 
9 11 
10 10 
9 11 
12 9 
9 10 
12 9 
10 13 
11 11 
11 9 
11 10 
11 11 
10 12 
11 10 
9 10 
12 12 
13 10 
12 11 
10 10 
11 10 
12 9 
11 10 
9 10 
10 10 
11 10 
10 9 
11 9 
12 15 
12 9 
10 10 
10 12 
12 11 
10 10 
11 10 
10 11 
9 11 
10 9 
9 11 
12 14 
14 10 
10 15 
11 9 
14 11 
10 15 
10 12 
11 11 
10 10 
10 11 
11 11 
13 9 
12 10 
10 10 
9 10 
12 11 
11 10 
9 14 
11 10 
11 9 
11 12 
9 11 
11 9 
8 13 
10 10 
9 10 
13 10 
9 9 
11 12 
10 9 
10 9 
11 9 
15 11 
16 10 
10 12 
10 9 
9 11 
9 11 
11 13 
10 
10 
10 11 
10 10 
9 12 
11 9 
11 12 
10 10 
10 
10 
12 
11 
10 
11 
10 9 
9 10 
10 
9 
11 11 
16 11 
10 10 
10 10 
10 11 
10 
10 
11 11 
10 10 
14 9 
9 10 
9 11 
9 9 
11 12 
11 
11 
13 
10 
11 
10 
15 8 
10 11 
10 9 
14 12 
11 11 
9 9 
13 12 
10 9 
11 15 
10 9 
12 9 
12 10 
12 10 
9 11 
10 12 
11 9 
10 10 
9 10 
10 10 
11 14 
10 10 
12 10 
10 13 
11 10 
9 12 
10 9 
10 13 
9 11 
12 15 
9 9 
10 11 
10 10 
10 10 
11 10 
10 10 
10 13 
13 10 
10 10 
11 13 
9 10 
12 12 
16 11 
9 9 
9 11 
9 11 
12 13 
13 9 
8 10 
10 15 
10 10 
9 11 
10 12 
10 11 
10 9 
12 9 
10 13 
12 12 
12 11 
10 11 
10 12 
11 11 
9 10 
12 10 
14 11 
9 12 
13 9 
11 11 
10 10 
10 11 
9 
12 
9 13 
9 16 
10 10 
10 9 
13 11 
9 10 
11 11 
11 11 
10 11 
11 12 
10 11 
12 10 
9 11 
10 
9 
11 
10 
11 
9 
11 10 
11 9 
13 10 
10 9 
11 11 
14 11 
10 10 
10 10 
14 12 
11 
10 
11 12 
8 15 
9 10 
9 10 
11 12 
11 10 
9 
12 
10 
9 
12 
10 
11 10 
10 9 
11 9 
15 11 
15 11 
10 11 
11 10 
12 11 
10 9 
12 12 
13 9 
10 10 
12 10 
10 11 
10 13 
11 10 
11 12 
11 13 
13 16 
11 14 
12 11 
13 10 
12 9 
12 11 
9 13 
10 9 
11 10 
12 11 
9 10 
11 11 
11 9 
10 10 
10 11 
11 11 
9 10 
10 13 
13 15 
10 10 
9 11 
14 11 
11 13 
9 10 
14 10 
13 11 
10 11 
10 9 
9 11 
12 10 
10 10 
9 9 
10 12 
11 10 
10 11 
14 10 
12 9 
11 10 
9 
10 
13 13 
10 13 
10 12 
11 12 
11 9 
10 13 
9 
11 
11 
10 
11 
9 
9 11 
10 12 
12 10 
10 10 
10 9 
11 13 
12 11 
11 11 
9 11 
11 13 
10 10 
10 14 
9 11 
11 10 
11 10 
13 10 
9 12 
9 11 
11 10 
11 10 
10 9 
10 10 
12 13 
12 12 
9 15 
14 9 
10 11 
9 
10 
11 9 
13 11 
13 11 
12 10 
9 12 
12 12 
10 10 
10 10 
10 10 
11 10 
10 11 
12 11 
12 11 
10 
12 
8 
10 
8 
11 
11 13 
9 10 
10 11 
11 12 
11 9 
11 13 
10 9 
13 12 
10 11 
11 14 
9 10 
10 9 
11 12 
11 10 
10 10 
12 8 
11 10 
11 11 
14 10 
11 9 
11 12 
9 9 
10 13 
11 9 
10 11 
9 10 
10 11 
11 14 
10 11 
14 10 
13 10 
10 14 
13 10 
10 7 
10 13 
11 9 
9 10 
10 12 
10 12 
11 9 
10 9 
11 12 
12 9 
11 11 
10 12 
11 11 
11 11 
11 12 
11 10 
11 15 
9 13 
10 9 
11 11 
12 11 
10 10 
11 11 
10 10 
10 11 
13 12 
10 9 
11 12 
10 16 
10 14 
11 9 
9 9 
9 
12 
10 10 
10 10 
11 9 
12 11 
11 12 
14 11 
10 9 
10 13 
11 9 
10 12 
10 10 
14 13 
10 11 
15 12 
11 
11 
11 
11 
11 
9 
10 9 
10 14 
10 9 
9 12 
12 11 
8 13 
10 11 
13 13 
11 9 
9 
11 
11 10 
10 13 
10 12 
9 10 
12 11 
10 11 
10 11 
11 
11 
11 
11 
15 
10 
13 9 
10 10 
11 10 
10 14 
10 11 
9 10 
12 14 
10 11 
9 10 
12 10 
12 10 
14 11 
13 11 
12 11 
9 10 
11 12 
10 13 
9 11 
12 10 
10 9 
18 12 
14 9 
11 10 
9 12 
12 11 
9 9 
16 10 
9 10 
14 13 
10 10 
10 10 
10 10 
13 10 
12 17 
12 10 
13 15 
15 11 
15 11 
13 9 
11 12 
11 11 
10 14 
13 10 
10 12 
13 10 
10 12 
10 10 
11 11 
13 10 
10 9 
11 11 
9 12 
10 10 
13 10 
14 10 
12 10 
13 
11 
11 13 
11 12 
10 9 
10 10 
10 14 
10 13 
11 
12 
10 
10 
9 
12 
11 11 
12 10 
9 11 
10 10 
11 11 
11 13 
11 11 
10 14 
10 9 
11 9 
10 10 
13 11 
11 12 
15 10 
10 10 
10 11 
9 11 
9 10 
12 11 
10 14 
10 10 
10 14 
12 9 
10 10 
14 11 
10 12 
10 9 
16 
14 
10 9 
11 11 
11 10 
10 10 
12 12 
12 11 
10 12 
12 12 
12 10 
10 14 
11 11 
9 11 
10 12 
10 12 
9 
12 8 
