234 1665 1813 2243 28 191 195 251 2 5 4 5 2 5 5 6 2 4 3 4
229 1661 45 -1 -1 -1 -1 -1 -1 -1 -1 -1 -1 -1 -1 -1 -1 -1 -1 -1
228 1658 28701 1780 27 190 3221 200 2 4 42 4 2 5 50 5 2 4 38 4
3 -1 -1 -1 -1 -1 -1 -1 -1 -1 -1 -1 -1 -1 -1 -1 -1 -1 -1 -1
234 1664 1815 47 -1 -1 -1 -1 -1 -1 -1 -1 -1 -1 -1 -1 -1 -1 -1 -1
229 1662 100002 1782 28 191 2 -1 -1 -1 -1 -1 -1 -1 -1 -1 -1 -1 -1 -1
228 1659 1741 2237 27 190 195 251 2 4 4 4 2 5 5 5 1 3 3 4
231 1668 1749 28 -1 -1 -1 -1 -1 -1 -1 -1 -1 -1 -1 -1 -1 -1 -1 -1
226 1659 1742 1759 27 191 195 197 2 4 4 4 2 4 5 5 2 3 3 4
2 -1 -1 -1 -1 -1 -1 -1 -1 -1 -1 -1 -1 -1 -1 -1 -1 -1 -1 -1
231 1668 1759 1779 28 191 197 199 2 4 4 4 1 5 5 5 1 4 4 3
232 25 -1 -1 -1 -1 -1 -1 -1 -1 -1 -1 -1 -1 -1 -1 -1 -1 -1 -1
231 1663 1752 2239 29 191 196 252 2 4 5 5 2 5 5 6 2 3 3 4
225 1662 1739 -1 -1 -1 -1 -1 -1 -1 -1 -1 -1 -1 -1 -1 -1 -1 -1 -1
231 1666 1744 2405 -1 -1 -1 -1 -1 -1 -1 -1 -1 -1 -1 -1 -1 -1 -1 -1
226 1660 1739 35540 28 192 194 3208 2 4 4 43 2 4 5 52 2 4 4 37
231 1671 1746 1782 -1 -1 -1 -1 -1 -1 -1 -1 -1 -1 -1 -1 -1 -1 -1 -1
226 1657 1741 2235 -1 -1 -1 -1 -1 -1 -1 -1 -1 -1 -1 -1 -1 -1 -1 -1
231 1667 -1 -1 -1 -1 -1 -1 -1 -1 -1 -1 -1 -1 -1 -1 -1 -1 -1 -1
232 1664 1743 2241 28 191 194 251 2 4 4 5 2 4 5 5 1 3 4 4

