232 1668 1744 2237 29 191 195 308 4 4 4 5 3 5 5 6 2 4 4 5
-1 -1 -1 -1 27 -1 57 -1 4 4 4 4 2 4 5 4 1 5 4 4
224 1659 28721 1774 27 190 3221 198 5 4 43 4 2 5 51 4 1 4 38 4
-1 -1 -1 -1 -1 -1 -1 -1 3 -1 -1 -1 -1 -1 -1 -1 -1 -1 -1 -1
232 -1 -1 -1 29 191 195 77 4 4 4 5 2 4 5 5 3 3 4 4
-1 -1 -1 -1 -1 -1 -1 -1 4 4 100001 -1 2 7 -1 -1 2 5 100001 4
224 1662 1743 2237 27 190 196 250 5 3 4 5 3 4 5 5 2 4 3 4
-1 -1 -1 -1 -1 -1 -1 -1 3 -1 -1 -1 2 5 -1 -1 2 4 3 1
229 1669 1748 1765 28 195 195 198 4 4 3 4 2 4 4 5 1 4 4 4
-1 -1 -1 -1 -1 -1 -1 -1 2 -1 -1 -1 -1 -1 -1 -1 -1 -1 -1 -1
224 1659 1752 1768 27 190 197 198 3 3 4 4 2 5 4 4 1 3 4 4
-1 -1 -1 -1 -1 -1 -1 -1 5 -1 -1 -1 3 -1 -1 -1 2 2 -1 -1
229 1667 1746 2399 31 191 197 253 5 5 6 6 3 6 6 7 3 5 5 6
-1 -1 -1 -1 -1 -1 -1 -1 4 -1 -1 -1 2 -1 -1 -1 2 4 3 -1
-1 -1 -1 -1 -1 -1 -1 -1 4 -1 -1 -1 2 4 -1 -1 2 3 4 5
231 1671 1750 41841 28 191 196 3213 3 4 4 43 2 4 5 51 2 3 4 38
-1 -1 -1 -1 -1 -1 -1 -1 4 -1 -1 -1 2 4 -1 -1 1 3 4 4
-1 -1 -1 -1 -1 -1 -1 -1 4 -1 -1 -1 2 4 -1 -1 2 3 3 4
-1 -1 -1 -1 -1 -1 -1 -1 4 -1 -1 -1 2 -1 -1 -1 1 3 -1 -1
224 1660 1740 2237 27 190 194 250 3 3 4 5 2 5 5 6 2 4 4 4

