231 1662 1762 2242 27 208 195 268 3 6 6 5 4 7 9 8 4 6 4 4
229 -1 -1 -1 28 189 48 199 4 4 7 4 2 5 5 4 1 4 4 4
226 1672 30235 1782 27 191 3222 201 3 4 43 6 2 4 50 5 1 4 37 4
-1 -1 -1 -1 -1 -1 -1 -1 4 -1 -1 -1 -1 -1 -1 -1 -1 -1 -1 -1
224 -1 -1 -1 27 190 197 45 4 4 4 5 2 4 5 5 2 4 4 3
-1 -1 -1 -1 28 191 2 -1 4 4 100001 6 2 5 100003 5 2 6 100002 3
230 1682 1740 2239 27 195 195 251 4 4 4 5 2 5 5 5 1 4 4 4
-1 -1 -1 -1 -1 -1 -1 -1 3 5 4 1 3 -1 4 -1 1 4 4 -1
224 1668 1744 1758 28 192 196 197 4 5 4 5 2 4 5 5 2 4 4 4
-1 -1 -1 -1 -1 -1 -1 -1 1 -1 -1 -1 -1 -1 -1 -1 -1 -1 -1 -1
231 1659 1757 1770 29 190 198 197 4 4 4 5 2 4 5 5 2 4 3 4
-1 -1 -1 -1 -1 -1 -1 -1 3 2 -1 -1 2 -1 -1 -1 2 -1 -1 -1
225 1660 1741 2255 26 190 197 268 3 4 4 5 2 4 5 5 2 3 4 4
-1 -1 -1 -1 -1 -1 -1 -1 3 4 4 -1 2 -1 -1 -1 2 -1 -1 -1
-1 -1 -1 -1 -1 -1 -1 -1 4 4 5 5 2 -1 5 -1 2 4 4 -1
224 1659 1747 28555 27 190 195 3210 3 4 4 43 1 6 4 52 2 3 3 38
-1 -1 -1 -1 -1 -1 -1 -1 4 4 4 4 2 -1 5 -1 2 3 4 -1
-1 -1 -1 -1 -1 -1 -1 -1 4 4 5 5 1 -1 4 -1 2 4 4 -1
-1 -1 -1 -1 -1 -1 -1 -1 3 4 -1 -1 2 -1 -1 -1 2 -1 -1 -1
231 1668 1741 2260 28 192 195 252 3 4 4 5 2 5 4 6 2 4 3 4


