13 14 
14 13 
14 11 
14 14 
12 11 
14 11 
13 10 
12 12 
12 12 
13 12 
12 11 
12 17 
12 10 
12 16 
12 10 
13 10 
11 12 
10 12 
17 13 
12 13 
15 10 
13 14 
13 12 
11 13 
12 13 
11 13 
11 11 
10 13 
13 11 
11 12 
12 11 
13 12 
13 11 
11 11 
11 11 
13 12 
12 14 
12 10 
11 15 
11 13 
12 13 
12 12 
10 12 
13 10 
10 11 
9 12 
13 10 
11 11 
16 12 
12 14 
13 11 
14 10 
11 11 
11 12 
16 13 
10 10 
11 11 
11 10 
13 10 
13 12 
13 12 
11 13 
14 12 
12 10 
11 13 
11 11 
11 11 
13 10 
12 12 
13 11 
10 11 
16 12 
16 15 
10 13 
11 10 
10 14 
12 16 
10 13 
12 14 
13 12 
15 11 
15 13 
11 14 
14 10 
13 11 
13 13 
13 12 
11 9 
12 10 
11 13 
13 11 
13 10 
12 13 
13 12 
10 11 
11 9 
11 12 
13 9 
11 9 
10 10 
